$ANSIBLE_VAULT;1.1;AES256
63633735643765623138613436613134643230666439393165373364306235666430303936336435
6334366665393364366665353531363532656636623035610a646538633130663931303165343731
65323534646134646330393666333435626462346333376637363134616662313430323161626366
3766326163393632350a613263393430643835306661396333353863303631383930633339623566
64393331376261333337653832646162663564356339333232343565653037336539663165396361
31346164363862646636373539616437303038343033656532323838333265616165313635376635
64653736363661623866313331643664346666623631383235343230393861666661316637393235
64653230343030313435343430303035626462643838666461386230323465333037613332656665
39313136323364363933623463393234663131373632623531376463653431386634383661313736
65323732353337356461616266323030346361343435386163323666643534346636333638336137
32643632336337376566663938636162363762313465363463316239363039383666373733306235
36356366623031646362363138663031663066313432316234353535353336393138343665366137
62316238623865396365363165383063643332616266323863613965313832396461383861636436
35626239323263303762376438343761356662653763653464333030633635343239333664353934
34663338616163313261626662326231643335343531373965396139653563303137343864303766
31636664613766303464346263616634636330663165303266303564653438353733333234346162
37323539653965386439326638343866653032363036666666323839353063653362343936396466
31333865323364656565636338316662643461303834656230623836383162363062643464633430
30343362366435366235333436386434333330626237336432353030313438373933396233373764
37383466643661666366366336393635653531643162623461366564633263313966383436306364
39373364623632643633346163623032643962613562343364643265633438393433333263303961
35366135346561633061386536396366346564383864383132636532386663313930346439653365
61366261373562396263313762396334363865333839653034383734333031316261623633666135
38346364303061623338326137613266626434393263656162646438326537363937626532393137
62323463383531636563613739643164303962363730353364623637613532633337646538353963
35336436343166396462386361336664363065333934336237363838636162353533396232643735
34653036303562306364346432373533313865313532633237643261613766313130666638643465
62643130393064636632646233663863386636626234653966663063326130393762613163613039
37656165636331656463363131356532353062316164313737376466383838613235366532613561
38633637343165353461663236323463353661383338613939613431333335633439663633333434
33333534313030306663306630663834306164326262633164363434633432373964636364396661
35653365333362343336336663313030326662626539623537353138666234393835633265636163
65343232636431376133636131366439346366666538353766306236333562613630646663386434
30646564373566336663646135376334396434383234373631646466646336326563623636653133
63323262303633333032373434343831313465626364323639656137363435636136353237646137
36356230333162313333666534326639636336633663393636616536653136646163623737323839
34383130346135313061343238313766373461396237326235356539383638333636636530636462
36353137353932613062613062376538353131633638376665656134643764313964643562323265
39393166396666663637633664326538333435313137346466303862666363633935393263663930
30306330316663376265376432663039336232616535383535363230626239376361303031353465
30646238336463613534623564393034323633663034303365663830376635653865306166393038
31633063663563366564663638643236386134643833633437386665336663653366333130363766
38653236313564313835353362363264646134363832626131303830383666396435613039643035
63366130623238633065366132666637613730623132613863656232303363656435653665653237
38353134326565626461623264626133653230646335356137363766643764346666313133333566
32343034616366656632626134643137303261363661366666343537633431306635346630363930
64663536626434343039313061393331666363613832353831366137653162366337336130653261
34363363653737373830636432643330396263376133386361353264376466306530356162646366
37613931373262393562393666356561343463356634656363633466383030643563343735303163
33316162386535643736666330383461343433393032333833646363643437653761653866313735
33633239353338366134343535613664383432386361326363303461303538633233663765393663
32306530363632343132623162396231346361333263353063613062376333333239336138656263
35653465616433313332623235633433393462653036646435353632313264623834316135316631
33373230636164386331316332393435666533386630333536626364643434616232306534626636
63643133633630343333656335646634613731343133613262656666366162383363666230383730
64343030356665653334353234666166333464326562626538643262363032306135613563393862
64326133653830343865343435643638346663383536333932383665323164626662666139656232
61633965353262633432353736636662653130386231396433386563326664333561306662396661
32363564373731653466316361323634643131383866323231363832333135303966623066366331
32636631613831616234333832313631366335343862653633356562303834353439353835616338
30323230653135623266343033626538376165386465306162356162313162666132396237633563
37366232316434363930646564656331313263663935356466346231346231313366323662393465
31613966333833323131323132343263333736643038343532643363383132353662636266326434
64323237393363643866326565326265376532366135373066366135623233393465323734313830
64623938626334316139396139613136616537333533633337633839346464373439623239396337
63303733636362653636643636666464633162366130376635376635653430643263376161643439
66306466393934393936336164366531326339316631386332383461313863353334656336323063
34303734633231626332366633643931316262643833326166326463633066353438336639313136
64646362613235613963393563353435326665333865333934663664313862626563356530376636
64616661323130323039346238623465623933653030323534646134383962353131633065303738
31343232346338303538393733363436373933383130633031383739363430666337303231636438
36376634306331393639313636333430356462323464333264643630346232343534663931396438
34386362303837656138353937656433326566613632373332636335623835613533303865663565
63376566613866333364383766333838633962313263343563653961653736626363366336333838
66353736363438346236366234323630376636316438623662323864353538333561643938353033
30626630623365356531336334386139366535366365613130663230663361396439386632316238
36616536663437666534353437656262663465363932383264643238366138333030383561336462
34366533393864386163366534383937383436656363666161643330636538666265343562303138
35613264326334383832626561613737623566323233313230323230616665333866626631346635
35376165396332376539663539323531336632313536393132623237633837343135666237663538
62393335373834333238393235343830323566633366313338646630376634346261666637386133
63383233373833303163393239346335363265633634613362663639643965313031343139303061
37393031646437653161383139346331636532346338383231613437626636623035336365663265
38633938343433653439653639393261316261613837613630633834373562623635656139343364
65633365353861653365333238343461646430353938633833326431643033656232333366633030
39643137326666363763363963643362323830613130346263656530383432303630383635343335
32653730666432653661393335323464326436316138336330613566633764646136303932646361
39626639386161343136366166303333663639383830656462316537663061383963323362303365
3537
